0.3829878607013556
0.5477279234301883
0.6136374741049793
0.5925464379843066
0.7209700312182868
0.5784698185178807
0.6454724664267619
0.48995233833990454
0.49714387005247707
0.485068428972889
0.7331996236433912
0.6284387679238158
0.6908521457456458
0.6154039620499395
0.7300820978935169
0.7011019846912157
0.5117378279049524
0.4586361185896679
0.788442131866116
0.4577771991202472
0.4900093988053397
0.6052366991793293
0.48690751876206007
0.5578167000568518
0.6408203673656925
0.5825078785486615
0.927104046214943
0.4617690621723039
0.6038120914174976
0.6967360817470719
0.5701035305032801
0.5481658715518389
0.6225724403358451
0.6004013670827558
0.8174987549115253
0.576908582541115
0.7822504860414612
0.8054292151549823
0.6451969484361758
0.5260956253842383
0.6620871241342466
0.6508849076626536
0.6455762865350854
0.7373290362604461
0.5626959951722168
0.6374817585465192
0.6175807487984188
0.5785210621689022
0.7236037571294501
0.656392898904738
0.485756051617763
0.5660171382376887
0.6677655937226841
0.5601884417610655
0.6345637800471663
0.6058491325135534
0.9072031072065655
1.5764290038311288
0.6997469272050834
0.8158717130331189
0.5211628108380585
0.8173312201696084
0.9365445986666238
0.5992809832095931
0.8382525271290613
0.4875881204392696
0.6119430023741899
0.6568525818157487
0.6141430227532633
0.6813616335004828
0.5711605199851122
0.6367257208934082
0.549808397524865
1.5616444084382346
0.4649943579946701
0.5632500899879633
0.669711014598426
0.5794222755378798
0.7622300721531999
0.7851969689699646
0.6655535595784251
0.48856270147206704
0.5472998359990946
0.7646341613981348
0.5414788379866602
0.6480365926240513
0.7706325994356562
0.7698748983395712
0.8781979607768298
1.2999899642875985
0.7642767366514949
0.5868693066841405
0.6719571431901759
0.6917436797363031
0.7598317258755918
0.7546250437411565
0.6519386271270318
0.9345948292404795
0.6343189984249451
0.9501095116875414
0.5497739982799141
0.7019950208621456
0.6845997047792188
0.7037207311443774
0.5727078575635389
0.6441386009440594
0.5041684958013931
0.633252796503532
0.5298316149116082
0.6281259859909615
0.6030180766876259
0.5722997278572963
0.6677376000353046
1.6388867898350101
0.6369265958815595
0.5594713171950262
0.5274028959824121
0.673452577057485
0.6707349636102501
1.6274795019231503
0.7233096613035795
0.8157843431317239
0.5141557128305683
0.5872010124414341
0.5254901256162767
1.8647386277864897
0.5302854135891619
0.6384223269688177
0.6429059990192346
0.5918705139850697
0.5724947683904416
0.6017632111610044
0.5685525007782346
0.5093689133671883
0.5632174388688059
0.8856194517160783
0.7163348016819036
0.5236295852994116
0.6721914644798523
1.6662089252228023
1.0575708776858905
0.6110286863468686
0.7629150117889646
0.4567257334161217
0.6088284560798662
0.7096820917061729
0.8617953854120075
0.5603441608801426
0.46386976647984673
0.751313529404976
0.8717969428899487
0.5255913269376239
0.4917965191274256
0.5947612255620948
0.5239857732795656
0.5980288465899501
0.5235188473892315
0.8685438077683401
0.5375197892333561
0.5926039469993717
0.48131867887831176
0.7457283308250247
0.5942772151199022
0.723671786895108
0.6213572167541033
0.6869263262879517
0.7892729219537182
0.5477663325541742
0.7002979495836792
1.0151202832453337
0.5051966369367867
0.4521421909915733
0.8121669639724918
0.6784182178580468
0.697312242323965
0.6093494847586781
0.6780078398074841
0.546288403801539
0.6194650530442763
0.5831559850087966
0.6160788517282566
0.5486401298006993
0.5563160443992141
0.5768696974660124
0.6533722874462919
0.5139620429006057
0.5546934713868348
0.5918028113811494
0.5190348354563398
0.540105663138221
0.6235516306570045
0.6988435515577878
0.5556054225131333
0.8832215263429893
0.5551548637091235
0.6148558908316313
0.5191939995515151
0.6066509445194136
0.5052700106375806
0.8356081051680653
0.760183512308243
0.7601160746902607
0.8771776516860752
0.5265047390689471
0.8042144832057561
0.5607941248572746
0.5097368848503769
0.5736038188054091
0.5573593724429649
0.5630551417318215
0.5398936360373253
0.4855380006469544
0.7558420745958001
0.5299630845379335
0.8465019866609462
0.5867651686469718
0.5964377704005409
0.5521654758583775
0.828767460724358
0.5335882558488623
0.46882883551858556
0.6737398417720831
0.468540193845475
0.6812148183706574
0.6638525267457631
0.6427225412174319
0.5171480181475675
0.7492742408364823
0.5047851258185403
0.4884363578694689
0.628665515449578
0.5176899136314399
0.6545487653244212
0.5461031178114523
0.4907796288612631
0.4844493930710676
0.747357700758697
0.6050038692258908
0.7465571866933629
0.47880293131523116
0.5725544844721564
0.5680789237504248
0.790126195387768
0.634862815563963
0.5255845374039466
0.5197800931426144
0.6572731731783109
0.6853710087328859
0.663055088807088
0.6937218512287778
0.5374718078036934
0.6224281482236388
0.7363563556627047
0.5733183172602219
0.6224660980420349
0.6469320334154222
0.5602532706797372
0.6806429007344525
0.488500429507171
0.7843236051750918
0.9583196203122448
0.736927238216725
0.6903334495094894
0.4980608397023119
0.5142230655098395
0.8293686947793266
0.5702378058301816
0.6749902651382081
0.6252626789974599
0.7714746095552769
0.49481240682234423
0.4754230149870018
0.6425274207545112
0.6787236785620125
0.6540557367663222
0.659540889444903
0.552094256039937
0.5576894346061743
0.9093633796442202
0.4119605651397687
0.5437773197804232
0.6898654850979068
0.6302028643188254
0.659248647676094
0.5445755457247765
0.6952104178738688
0.5434782076785034
0.7078551958494887
0.5259476789627585
0.5200456436085445
0.7476085603389235
0.5854587306622826
0.518172057047204
0.5678364161223193
0.5512399733228917
0.616271694399757
0.5744012489636214
0.4982919906360734
0.5177039524977093
0.7790737945944124
0.7312109630445304
0.6285331749372485
0.7343310732739635
0.5625019770652647
0.6361267952076375
0.7475300002967532
0.5655646653008491
0.6913125964029705
0.903802384640525
0.6016216201491726
0.689917992462515
0.7948365213836
0.48590736249380256
0.6742939913374265
0.6816032241631926
0.6877054209195526
0.711553575011017
1.2706972871609328
0.7485351876657095
0.7314172181546803
0.6940921584105793
0.5706155892022898
0.5525518653530775
0.673501186526094
0.6759111676156303
0.5603244806820542
0.7712333151986414
0.8062295671606409
0.513463595466667
0.5110264638768541
0.516370563554809
0.6711062704214862
1.7303548504253838
0.5726041146252466
0.6640314114160123
0.6339791546688379
1.1507589535106533
0.524314019122757
0.6179393115723426
0.5885446507011518
0.578469005588618
0.4307864533489971
0.555194682172856
0.6462205375664636
0.8955033202658836
0.6608536704102479
0.39190431304227086
0.5094878991099882
0.6058898463503917
0.5640021633945502
0.44225738829522343
0.9576961513926248
0.8979074298821765
0.517390369819442
0.6691369585153031
0.7976391152548902
0.6785010253515508
0.5548547751925892
0.6329031634838096
0.4619919709447744
0.5836640372257091
0.5218148459210961
0.5152992738347111
0.5187042721789856
0.8243355336956659
0.5858874708212528
0.7839069965581119
0.5250390760767975
0.5416061367842235
0.5938629549502773
0.8843369837538338
0.5721428244978105
0.6510966930337649
0.7062566961526192
0.773488597219449
0.5637096275892546
0.628479163667112
0.6819356060629487
0.6468039492790136
0.603537443134747
0.45924418820292134
0.7841481007791578
0.7015105619282269
0.5341819655622018
0.7411144966905087
0.5539390431725213
0.5895235351189514
0.6178706474469254
0.5653460589323909
0.5777152828856372
0.8985348721355969
0.661101245622518
0.7880476939866526
0.5529521910455808
0.5289161887717028
0.7057383189106669
0.5899029816703965
0.6954462553048868
0.46552931327186503
0.7475211694667583
0.5395770242155266
1.3869062426577747
0.4866267542312227
0.6478387916629507
1.0124690290020146
0.6061056060287873
0.7007223522184074
1.0466147374224766
0.6257334225960444
0.4951325968518617
0.7216215273816908
0.5939310322383871
0.5049665681186466
0.45397524063429884
0.4907832215100873
0.4720266960536207
0.5310450638259194
0.6918967649580139
0.6579965442131953
0.7370511217728662
0.49381632154947896
0.6469997984152849
0.373833174340192
0.5521498174706999
0.5558527600265856
0.5948981610809312
0.543193408807156
0.4760945144084983
0.483367470368661
0.555752620694592
1.0668510322100033
0.5489153924074278
0.5744086899473867
0.510831998001634
0.5505620294662592
0.8127924550980291
0.5921631356772462
0.58477534264851
0.5195178616381381
1.5432930153151296
0.5806732137859824
0.47878526361943335
0.5620117902003673
0.5144280275012417
0.4727540279884776
0.5362700736641646
0.6018016935600361
0.5790189377995558
0.5775109957605272
0.6169170297626049
0.6151302350294485
0.512590866519024
0.5787513842186678
0.6435395015413898
0.5380890921585195
0.5090624395709811
0.5489700369271975
0.592941354616311
0.7511335825628406
0.6994743852056742
0.4487957610859942
0.6852449793821429
0.8641584868102128
0.6583160197226205
0.4983662484173813
0.4120887159710689
0.47320559936449563
0.7431186464218057
0.8132588628155647
0.6050762823974769
0.630317852097363
0.5928239447139635
0.590080132300331
0.6426254296520044
0.5347721112648997
0.6001197742165376
0.5756521524391993
0.5253880241344948
0.6470931366573426
0.49865076786940676
0.5553254891507087
0.6493010672049097
0.595500239051514
1.3024535808544764
0.5460221133694173
0.5158261042454724
0.6418866281349042
0.558483794902294
1.4957460998046206
0.5059227820879814
0.4960566622732664
0.5174006599287204
0.6879077378141178
0.6734845467783437
0.5660972260100402
0.49903644060260816
0.6396170683233556
0.8611701944022038
0.711137328836313
0.5426528489533363
0.6491894834727492
0.8834982676406656
0.8292583758622976
0.9350537134045169
0.6841218571277792
0.6441873241107512
0.6032713618008847
0.5474530227866081
0.7151631584257003
0.7496741935307435
0.6963477471393517
0.5250924850524376
0.520622688271386
0.6043927352212172
0.6873901977468941
0.4977438665934251
0.7616937807595026
0.5325356406150772
0.4565706740011661
0.7084799734267402
0.5021335606336141
0.7950525676361789
0.5516215131847853
0.5334992017881195
0.7412606358972045
0.5983069030144087
0.7538408863218542
0.7224451701623609
0.655453552256757
0.46941382296709094
0.6161250504755506
0.4662793545844247
0.8070322953378256
0.6451537599865527
0.4840474194819866
0.5390154134790085
0.6428070531756098
0.6090773651026169
0.8213584918856275
0.5431046165351409
0.5631558887083405
0.639251240482871
0.5677221006874442
0.8119481108141566
0.6559967023229811
0.4322681816960718
0.8133623666994374
0.6377442968901004
0.5627594775310173
0.576344348780621
0.6115502427903472
0.9261156556093573
1.3637546966032792
0.7644280711974394
0.6143993611390425
0.5309655110855386
0.5453916545545123
0.6312676776525649
1.0055272590785278
0.5496606555140063
0.48434873738444667
0.45662320536975154
1.0218690073381946
0.43864822910701107
0.8421418286281805
0.5644096502615833
0.4686636362603741
0.606254584056828
0.5035321725624811
0.6917729450121072
0.8010411100306165
0.827334494320245
0.501332637764607
0.6979446323728565
0.5924979521613211
0.7944654455296871
1.6494944675396748
0.6579440257687403
0.5227688842442624
0.4399258767233125
0.5185161250911872
0.5547855921250119
0.836916035357776
0.7926629196239393
0.5599675661254813
0.5003757735746768
0.6020577331579637
0.9390579501420431
0.8081914824165523
0.47692114339035785
0.8361719006174864
0.7199485893627403
0.606446582670464
0.4783078283302158
0.46096845345073245
0.5969771106899674
0.5708259772906796
0.5471212676121926
0.4972315093417208
0.5551724250863359
0.6635248992540477
0.5920925290773357
0.5416841742044278
0.648042195106929
0.7345740701866995
0.5613646312203602
0.6299689179289566
0.8167914561993885
1.4066795056262067
0.6070806793013657
0.7148895791971654
0.6677063690274192
0.679126390509885
0.5812467161647654
0.6319109181315822
0.5963395671255853
0.5123334837617911
0.794277299646015
0.7534520449265719
1.2596093387000304
0.6889336941206589
0.5808565900508692
0.8077417359191872
0.6034424620099906
0.5282774660287083
0.5672930335799932
1.4093318571692561
0.5672535628417051
0.733972784639078
0.47962976092626525
0.6889193202368037
0.8115134408712156
0.48576856348406516
1.4372113930059138
0.508661562264061
0.5660100408528213
1.4528630534875902
0.8183959931008817
0.7152803441013236
0.7012082948351487
0.5475883056184966
0.686362893650138
0.5108613903216793
0.8147474244433708
0.9365468365365899
1.3361529162254275
0.5002087643233907
0.6375402383734718
0.8040513098286346
0.5747534862723119
0.6010195389183667
0.9099670844845502
0.5743559213526963
1.4589605152778073
0.5202998132959971
0.6731021795242043
0.4606919537058548
0.610737461822873
0.5625578122315646
0.4674591404365044
0.6166354567733195
0.5679629417928711
0.567455549947207
0.7022113075031641
0.7987834537420494
0.489924531691522
1.3559352911266833
0.5867520855292262
0.8051392304201817
0.49463279420170836
0.4621573808111749
0.6210279248367204
1.4568205376634629
0.6298929220465216
1.0977641123028323
0.4574392093946396
0.649265410404478
0.5042578717824988
0.5731948691122813
0.6539723536026104
0.5996774207416424
1.5477384674718206
0.6824265128444733
0.915758485835915
0.4731687360354211
0.6363990704551746
0.6192068576987224
0.7445985472319874
0.5144760958985976
0.5476493086410389
1.2995669693020027
0.5341749065604177
0.8092925171406221
0.7836866242513906
0.5967870991671331
0.5121967392214088
0.6257835075696075
0.700177742671618
1.490466419837688
0.5760660958009024
0.7460411077558223
1.0233901332661315
0.849908873543624
0.6384134723641325
0.7637078167397054
0.49588068335267804
0.6491755690114253
1.6337085878552142
0.7414595179286506
0.5368259300528957
0.8253488224084258
0.5520421770148505
0.5787630625404951
0.5541928755934511
0.5559960797811101
1.5512897300293782
0.6394296329265624
0.6073521824839961
0.9113445742772956
0.5172901221816169
0.6289160442950388
0.4763067230029889
0.7235187936305459
0.9769843697526311
0.7981049615324879
0.5328736189698671
0.7538430720994586
0.5276090172133798
0.4453409225846434
0.808630009441356
0.8161305713497834
0.9097925538063328
0.7467210940626168
0.6388434484271452
0.616221138734445
1.4435968444536218
0.57935160565286
0.5894821007197263
0.7479496192975928
0.682502613292122
0.6947427547703676
0.7932024479648105
0.4806637858115467
0.7232968971865951
0.6291084329622816
0.7698758661958065
0.7826278316367657
0.5947219165890818
0.45901694271361626
0.716121003974914
0.44039734854542334
1.245596834666672
0.6169605848630882
0.8699926521307235
0.5916067738905602
0.5790184620550191
0.5065500912316278
0.5618131174361787
0.6216111815264749
0.5676507474159962
0.614120876787095
0.6690780384392047
0.48731192217970265
0.6191452668625617
0.8434779358024729
0.8203625020869044
0.5312880992768735
0.5377205424120735
0.5042421502034634
0.6219973634151128
0.5365614563178309
0.8043937440799211
0.48543716128956477
0.571341831912925
0.7333987296294836
0.8508477438722697
0.8050918519980199
0.6385013408711436
0.9921009921604199
0.8718351139823913
0.6360546116866126
0.9406380434895613
0.48341297978335784
0.6155988142271297
1.0973932464817513
0.5762200900261404
0.846293586248625
0.6842867434228268
0.6192229355193541
0.75503961727576
0.5535226894130857
0.7939568803890256
0.6937907286589711
1.152895616819567
0.5817347873659835
1.0205596514696043
0.7197676344627704
0.6608859078454233
0.5803789633121698
0.6617437235643561
0.5544768834826843
1.2340133040552315
0.5006068703441638
0.6029017057557863
0.6592114691445947
0.5544223177157627
0.5906353383440821
1.375000188732628
0.7490829955482862
0.553561245565539
0.47790083664516675
1.370734403799256
0.5779036391703345
0.5833070330119647
0.6248429249461588
0.47869811792284944
0.6063563365571312
0.5181157193531098
0.636764174308357
0.7754827423987696
0.5057572903366399
0.496226258833518
0.4800577420428654
0.6753955824395129
0.46456840093882856
0.7818133759803564
0.6412619617774903
0.5712409568406112
0.5116151048346446
0.7435550428125065
0.6699980669555218
0.6544665339506383
0.44980385311849647
0.7664451966296423
0.8809918365674749
0.507511329354374
0.5240158658019971
0.6342822497681263
0.614384890285579
0.7715006034087415
0.7662166012124064
0.5288164242891449
0.5338887484596428
0.5720084716398284
0.7568281861724607
0.6093237926305027
0.4735425691639172
0.5807052788146251
0.6954131786277037
0.5729263851649636
0.5752984770675983
0.5394009106164165
0.4703986061123274
0.6038471991928568
0.4614881166442249
0.5619654307618808
0.7042147985388446
0.6833896970994477
0.7020478796141343
0.5783468617209884
0.5836589996652406
0.46506592267289915
0.7706405376481631
0.4507544029523511
0.6737309838524667
0.6328856432880725
0.8815465365791383
0.4567148690039187
0.5325276695490575
0.44442420006707956
0.7941454236070984
0.5789077772314586
0.4910452374974818
0.6269349955984036
0.8201628872615928
0.5806487553865951
0.6785049662656615
0.6315710103615575
0.5368863447048721
0.6042648705479136
0.6962214578941076
0.6082892421133234
0.6500113037992927
0.6787715469080225
0.4586270041587902
0.6655198639319593
0.5171853412947365
0.7771928105861653
0.523345453110753
0.5269926693124295
0.4706576070862477
0.8649340954529562
0.6793757067925436
0.6648378745401137
0.5958690980190624
0.8356199877528769
0.757308822128831
0.5450112011626005
0.809056964933973
0.7836336925004457
0.7515302184992386
0.7774194783522402
0.7256909682128737
0.5247509335110019
0.4836938077826293
0.5903976975814403
0.8522110888378087
0.5084254326642444
0.649249395503036
0.61994172141585
0.4991116708060994
0.47234375853072774
0.5025091170615266
0.8544060890345457
0.46749903965905604
0.5200995431202378
0.5829857471666229
0.6474871203264537
0.4916902068036887
0.7106869766999121
0.657936865259309
0.7057910771191852
1.089889724821384
0.6851632779405135
0.8388616370222698
0.4570920410108074
0.8554797257261189
0.6484289827450767
0.6131229562565957
0.5149960524988481
0.6162539370947168
0.7658137590126155
0.4716217015420848
0.6691856722932521
0.8719938247854702
0.6388411492953909
0.4649711568431652
0.8279505315375753
0.47051548451228054
0.5467188681141236
0.5074657312501828
0.4285666229730129
0.511819132925125
0.7261468739082572
1.2895971954871657
0.7245601073513095
0.6670771330474402
0.6995841064647373
0.696966122601205
0.5768297955869232
0.6683172345177203
0.4732438762419732
0.5724817265402294
0.6406960090270549
0.9250009272980277
0.584219119392005
0.5405722394218243
0.6611783604456191
0.6505551492861377
0.9319645883347221
0.8190303280238412
0.5257172535222067
0.4900603242856507
0.6026705747741236
0.6460177407116412
0.5228346946247103
0.6091935209571233
0.6216619636017221
0.9880002783987991
0.5191179364369242
0.6983803075300298
0.5465719381393856
0.5649244476691203
0.48254465540437275
0.6659928634640644
0.841884671017011
0.6584784902984173
0.4432837082601755
0.5677162847824859
0.6596363503203012
0.7404354611128479
0.7510927180488197
1.3222092153506448
0.5569423989822607
0.44228245633205665
1.124998693383226
0.6071405048400331
0.492848803965512
0.5898977962160021
0.5750692338741314
0.5223263550137075
0.6383483113277747
0.5633492031749381
0.4892423264024859
0.7256491211531678
0.46432666731946864
0.753299707874599
0.5738971963168813
0.724557260495042
0.9111549119046656
0.5231665893601181
0.5359421335523613
0.5253348739952218
0.5329360422318896
0.5784022084657393
0.5112329861277338
0.4634068067761299
0.7045166212879845
0.549443000598812
0.7483916806719018
0.4701019565865214
0.6469158947484811
0.7269122141440557
0.7184074303580843
0.6176724295281
0.4812100030458291
0.5687744020889904
0.5244116908597146
0.8613759910552752
0.5653569621166155
0.8881817432969423
0.7114038643889354
0.6950097793512967
0.5562611171623806
0.6504681001649357
0.5925316237285916
0.616092080644479
0.5976682781760289
0.5313321278254027
0.6332643219572156
0.5082689830156555
0.6039796252083159
0.5836274846973325
0.635348474653473
0.7297233196254577
0.6543358236226724
0.539700703448825
0.9282704724114905
0.6375189341818824
0.6562555877752767
0.5014229230795058
0.8088602215826487
1.0319583165087927
0.5987070433618763
0.5376133076382248
0.4919602356443347
0.8461181280350711
0.9086517082235619
0.46422328670852536
0.45456598985490754
0.9875328502762885
0.5383219770424045
0.45412302870372095
0.43268440222629156
0.6774007520810554
0.6650395803747959
0.6325515817856286
0.7040171124639085
0.5864240438062505
0.5962809507809756
0.5428246834848273
0.5665333569118509
0.503691261141256
0.6606614916946452
1.0341652772398173
0.4952839823345929
0.6566381962989022
0.5959890151936722
0.5733789814089664
0.5572285213207464
0.6278575764213625
0.5094823792799862
0.609656932129412
0.5438625130461672
0.6349276878870027
0.4894411046352745
0.5293201673919496
0.6481472757631175
0.6067627284428578
0.654259292633096
0.664829426338706
0.6551880495861457
0.615669632809888
0.5627217178489197
0.4968992333566624
0.6106073725780564
0.5836409837389295
0.7592837684539375
0.642981938915957
0.5606113914277968
0.6093174777062269
0.5612103230920275
0.37895885638179433
0.5120294257317085
1.4706979504184685
0.6318262693706196
0.6749445931535838
0.5266207559546343
0.4151003679722135
0.6256278350195695
0.8137314958674646
0.8575815600271793
0.7863096221983176
0.5621727039350445
1.0035712138993151
0.4964007728238075
0.4555990232283616
0.6189369548556547
0.4868193172173575
0.6483430559652484
0.7019121959377262
0.7855570886347494
0.7587582628338131
0.6468370313827437
0.6012449429594804
0.9574612234043212
0.534071628103636
0.5209912818329575
0.5185961882355098
0.44454400216765105
0.5342427068497995
0.5050988068427262
0.6497178865339513
0.48575890218104695
0.8436672201022755
0.5781117623097638
0.48863146903684773
0.6587613084576477
0.7759210759602483
0.5205489613508049
0.5183545329211121
0.6027072347068075
0.8850465280343381
0.6279056429618929
0.5506911076340862
0.6738048915696072
0.5384876640538623
0.5722722649029478
0.5483792856333252
0.6033860475670926
0.49409645652623285
0.5630837526626166
0.4295612917710952
0.5711434735998682
0.7837347299038747
0.48566933426558206
0.6905785435593408
0.6019958368711035
0.6728989444306347
0.5558887972484479
0.5876033086586914
0.7408233154896102
0.5809740617546638
0.47151208242236997
0.6344472213449928
0.7514070288554352
0.535817811791838
0.5752418436804182
0.5747710257884218
0.533859550974895
0.6962014682247214
0.851675453520554
0.853892466624079
0.447325424613914
0.651590745739838
0.5607209094966115
0.9630880443066034
0.7402438978639064
0.6211602812290881
0.7331504657224169
0.5643318532829966
0.5345565113944875
0.5175420247150234
0.7615626480833677
0.5700370141304392
0.5316156880292842
0.43177373657414103
0.5086978629285941
0.5349062711566112
0.6810115802074151
0.6845904163831108
0.6932079120380924
1.2231700577009395
0.610428435229871
0.6296159485345679
0.6090593450931436
0.5497705646587983
0.7642049721296504
0.663142553490522
0.6617749262896512
0.46480819796149553
0.7293321376178257
0.5485564241896864
0.5310241498502305
0.48412934217247433
0.5768036222751635
0.4441674982725516
0.5345419727104868
0.5381814070722422
0.5148993127759609
0.552393636009281
0.6812214329460425
0.47555659416745183
0.6211947178741989
0.5760625536816838
0.85525800045976
0.5773570537183725
0.5989651858005225
0.838103140284439
0.7307625234391338
0.5927127695539034
0.5051325678923406
0.5389447377972064
0.6661052136038914
0.6009027529368152
0.5833703329175378
0.8612717854876641
0.5624461210874836
0.7422873654643583
0.6854660280921205
0.6787883442553574
0.9722526733591411
0.6008597982700947
0.6720775001161852
0.49610171550312787
0.6452205926615701
0.6377027855263793
0.8340908473681532
0.5795249761314091
0.7419072818706234
0.8494726035816498
0.6782019169203147
0.8372843450464997
0.7043625364229913
0.6177890979271125
0.6480193518729988
0.5669388809060948
0.4924486888910305
0.7155394611007083
0.5242684201358189
0.5489272494991321
0.525014856834311
0.5715463853002396
0.6215393539602265
0.4221561004223345
0.6179495850630657
0.5655298416108744
0.5551484876486944
0.5140915083892389
0.846589023541768
0.4922965844950221
0.5330051193089062
0.7111455655668449
0.5902110024809868
0.4630741796742379
0.8448610946964674
0.642685200236333
0.5757100652706333
0.5574194282943358
0.6345669873541212
0.5009900889583221
0.624210088600051
0.6549488423103836
0.7295032621365127
0.6613080297321139
1.0170628772174375
0.6773373252255428
0.7040839295127149
0.7692174711543446
0.7180781913580303
0.488980383851805
0.9047231408253791
0.646031376874694
0.5393113912408395
0.9139256246298127
0.6855590728506092
0.6839667898368706
0.45449492804558805
0.5707563005118589
0.5543807969531015
0.7073732071963543
0.6117105134812578
0.7494431195475507
0.8609251234394301
0.6591128424249593
0.522361386361695
0.7289053501500669
0.5605940688952321
0.509777731928248
1.0921926977484702
0.6698642999612475
0.6241642970472352
0.6625478979939332
0.6015407142574601
0.6671009607319527
0.6740917344083628
0.4903626137368729
0.7439807036428263
0.6213225323356142
0.8577685184327373
0.8637994078724871
0.5963921602392093
0.6138262284963181
0.6442525407294346
0.6527714791098135
1.5881728312089565
0.5804717518214688
0.7668084621365674
0.5782443748403066
0.7029764915459829
0.8097355773182375
0.7109984847759505
0.583559634261271
0.696686072354427
0.8907266207528682
0.8164474961080871
0.7608329144456571
0.48337327715225525
0.624670135082273
0.5342234029269297
0.6770877269342263
0.5873498051604711
0.702230866527857
0.5148635615748571
0.5682496268578184
0.4629012881698754
1.2394526076469687
0.7710036750656188
0.5946391817855186
0.7515194290764484
0.5533141082019941
0.5379805842451303
0.6093818540534055
0.6309037939481317
0.6015711393042292
0.6538859246920066
0.7586373820750416
0.5426910702777679
0.8960828343295281
0.7377345732079328
0.825780611575004
0.6869012861603542
0.5494052151337505
0.6346179748518116
0.6228947758243615
0.6014100362367264
0.7307065423181396
0.4846485138699273
0.41664504788534296
0.6184127125436455
0.5321602808160013
0.5545410596188427
0.524734018910369
0.6001893944101275
0.848481956329754
0.6134689422357247
0.7373845469190434
0.6511769118864547
0.6320901201130646
0.4920206551334981
0.774518531328115
1.5904146300934485
1.0963768412409896
0.7405407148785224
0.6023189292550827
0.6661986641342788
0.6061989045434746
0.8182461442727593
0.7573181160059433
0.7326374445434866
0.5851860171946252
1.645287217271573
1.3775427711406947
0.5510708023492213
0.6789423950137038
0.6602128405409461
0.5346644374834049
0.47836083789890405
1.4076375781864134
0.8315058382197937
0.6690741951773642
1.6203094421604238
1.1536326455871468
0.6971444364798332
0.6326979845168687
0.5916530881102926
0.5980090315130036
0.5863292596468397
1.488831919628089
0.6368591517811711
0.6432032648826279
0.7281958848887835
1.429997017389536
1.5383085785667212
0.6264067235219318
0.5663834363045619
0.5616331352061457
0.718911731941482
0.5464086077378518
0.5618284664429574
0.6408017816564944
0.6083730135416787
0.6364948127873477
0.5560000611904072
0.5688718145134198
0.8629875037220507
0.8177479772188391
0.5234384340230523
0.5296822053384661
0.63164984022525
0.5812099621949011
0.6318117503962322
0.9568294364480651
0.5753483964414665
0.6242883987239168
0.6199668124878254
0.5318376407744095
0.5072520482365872
0.4947398167570159
0.7172141273009862
0.6049532194509563
0.5190942184618326
0.5770575384459055
0.5967137913684223
0.6196848262202937
0.6892788653390652
0.5895121543087638
0.5167906494165947
0.5739237551746991
0.6227771198088765
0.5865191981604645
0.7817451380642275
0.5317420984836628
0.9046978281047096
0.605373320872117
0.679293865160531
0.6783758576700343
0.5792312787233675
0.6832252549463145
0.8434296289562004
0.5623635735492493
0.6339392387267835
0.6128047957734988
0.8908066204892549
0.536838728002568
0.5569860039655969
0.5692750657553127
0.5852693457730599
0.5971467428860014
0.4406177063747778
0.5812668567773077
0.9307095709763493
0.7430668784736784
0.5484367771042358
0.5283896160555192
0.6386982348128563
0.6366539431256159
0.5132565661262477
0.4857174224003081
0.5794339439713795
0.5784495183416587
0.7228579619519974
0.6422413081844521
0.5812827779062517
0.5655631305695299
0.559466734097353
0.6596820302142049
0.6657563348372129
0.6814479645890938
0.5837692801440103
0.8074459359726904
0.7044521819882457
0.6114439702482692
0.49149255322548446
0.6292842158312572
0.6456656425865408
0.7632161328737708
0.5877046197680105
0.468995080228355
0.6987795165240137
0.6078452317788089
0.8180804523763231
0.7345177235992335
0.5218485050095715
0.6402464991848278
0.545175941143698
0.6413982526017116
0.7450838568323163
0.4460184438072634
0.5278061846903563
0.7836748361901685
0.7357461676812938
0.8119474792614119
0.8059278967218858
0.6525193051788911
0.5815772178252047
0.7399984745981132
0.5818210727093772
0.644768313571471
0.493554857514742
0.5246894882734542
0.5717189017596092
0.6659254010855559
0.7685807024151162
0.4637278269573198
0.7065264429206515
0.6433265000225008
0.5266932397422402
0.5575997806172742
0.6218472852761343
0.5989708693489413
0.6522093830031458
0.5569234684337939
0.618882217670694
0.49817829693914367
0.7253880063016205
0.6454500330205482
0.5519024915399817
0.6689898372043649
0.535696334891455
0.61381013466595
0.6087799153506847
0.5362963371047618
0.5326482117381082
0.5162564143468438
1.07151748332134
0.6528943143992587
0.6484909271191447
0.6002419341570412
0.5117246196972736
0.5530307735423746
0.5647744998314299
0.852097256446026
0.9641888145970189
0.5958865565007962
0.5656540242152275
0.6471944990191563
0.6349846118128842
0.5049062382028184
0.639671305783047
0.4844245723927735
0.6383620553602729
0.6317269673120166
0.5944899300883759
0.5419960391231089
0.5485731491025398
0.5714589097198907
0.6252688766056065
0.4622338652486372
0.7556821873173204
0.5575276481700522
0.5123607536448217
0.9310450134762323
0.6441580882764031
0.43227506717318825
0.5694524499391773
0.5644586206929065
0.6829112001331283
0.6357933968483176
0.5370277282748294
0.7788955973928493
0.5922728162185042
0.999676543229332
0.6452695670300287
0.5628371734713209
0.6741274196741962
0.8037510299640442
0.7254236705358438
0.48958203810236667
0.5667298946692881
0.8470717879659847
0.48261225784270934
0.543524968891756
0.7804321203010267
0.887436324446487
0.6513766840799604
0.6182121915594697
0.5496390283473919
0.7008031876947556
0.45329395374422493
0.7310206164456327
0.691738854611067
0.8469025877939773
0.577566727682739
0.5164405038282656
0.4396821612412875
0.6707982176586317
0.6013009028565891
0.6363580804931884
0.8381492674406571
0.5389840918936558
0.4633864618049943
0.5964449046345783
0.75284583227683
0.6511572881563092
0.9470902443126782
0.7273035441499313
0.7295223101741047
0.6763622230226503
0.7995525389420403
0.5696275354837089
0.727481034042345
0.6319660412114994
0.6405744013407606
0.8678982542207189
0.5243412769317078
0.6034324746235163
0.7857186287151701
0.6099799922694107
0.7373776411243665
0.6898756753142484
0.646004917601166
0.8408969572587361
0.8642818544432636
0.9716488950524911
0.82981420448523
0.8152556767763804
0.7590264810725782
0.6133577755047619
0.5859270983632041
0.8102073745506803
0.5519649427706812
0.5254021368926983
0.5424954983479086
0.5548096368586984
0.6224892081648951
0.5135636567099896
0.6585627903201579
0.5789501453560341
0.5741531239858917
0.6176791644480533
0.8194643562848263
0.7862076496251199
0.6373846243911526
0.5666952048637154
0.5658849309584668
0.8464046136758238
0.6967637939158163
0.6369349027295315
0.5653184624966109
0.6839612832530384
0.48787391371253797
0.6147168621004018
0.7451692650656855
0.613295593186528
0.6239085338256931
0.7491445347023639
0.7431859006094582
0.610071340250633
0.652226453474604
0.7428355741380799
0.8334071841219427
0.6905220941197237
0.6265719211115374
0.5018869932639726
0.6475720595801596
0.726410147078988
0.5520293039548496
0.8220245508702468
0.6939911699583325
0.6110872324987275
0.473016639426302
0.6278597101142811
0.6644432552664069
0.5855013029754954
0.5997420296483018
0.8250913919344225
0.5371634736323367
0.5297091924652545
0.7888620234023617
0.5911537424053059
0.5792871009440007
0.5363234249246442
0.5170867409604095
0.7123239521580743
0.5334128862461113
0.5493956730335093
0.5604083142545578
0.6964475968958097
0.7791776472470037
0.8376778213555295
0.5059045458871616
0.7762652609724986
0.5549551122862405
0.42514486953189945
0.6003561753991514
0.5637284093591945
0.5184748020104293
0.6058761089815524
0.6132865902368928
0.48262950766738666
0.6879132734808331
0.8775777607416324
0.6247353870289333
0.4885770572001879
0.6440475066200562
0.7259095820568912
0.7531838183874533
0.708736790203152
0.6685427351080694
0.5629444458714651
0.8329946937923831
0.5932166541373594
0.6235035915925555
1.005510438678847
0.6744790895414996
0.6142788042392949
0.6677960651050167
0.5841341855826345
0.505682319473422
0.5811083804764701
0.6641443023315714
0.6748750033274354
0.578389867732865
0.46352908581350993
0.7360643475442623
0.8248767780196602
0.8630226576502906
0.7525218176686203
0.5948684041075298
1.2702310694906795
0.6529103056242459
0.5302646181501609
0.5744484108385481
0.5869328471666622
0.6171498779330044
0.6531329733259833
0.6504896543207543
0.5451897413794211
0.6206087059906292
0.6005842177889853
0.5366273773362902
0.5198685942290068
0.7509167759492962
0.6800923739186064
0.5274202730177586
0.6578594117678167
0.9296078357959073
0.5002645511741086
0.718837297263689
0.6243015527498553
0.8547552931350147
0.6076200632976536
0.7144039404097803
0.5580088698718841
0.6218368052882148
0.5680636255868944
0.6131882754990147
0.689120887772799
0.642433401967627
0.746584075839898
0.5904184112334491
0.5292588432487871
0.5565171640090795
0.8564081898830448
0.7750441344390067
0.7396843919900121
0.6074665444104447
0.5343474535066997
0.6854178092655226
0.5947695586792444
0.5746477667258467
0.6846058508992653
0.4982420376519474
0.6694252058796691
0.6895959231244648
0.5113465994219928
0.5398145900119241
0.6801604575546376
0.5407507039956622
0.6562955269829562
0.8956566275449156
0.4980615436444455
0.9043699177499908
0.8863514752833744
0.920969284984253
0.7039886583926636
0.45393490988482676
0.49229940902573754
0.7833506846547279
0.46925079458275604
0.6810064191151675
0.6335364286566207
0.5680301269627775
0.7228539012517106
0.5967600893113686
0.5643560372880184
0.5404176063263151
0.5156179749528231
0.5997337864964586
0.4097186364770255
0.49898411023149797
0.4943257891042197
0.45434006739368443
0.5906465028434601
1.2458614137238055
0.505409576028199
0.6412388301046928
0.6131479186981138
0.6890789714421056
0.5576443859471847
0.7972229873210863
1.1313649296006536
2.1511195046725904
0.7482506769511081
1.0550391570160718
0.8055139683718212
1.1233956796210791
0.6173291669721438
0.8023281456405995
0.883112508397543
1.1339617494494585
0.8026784076176339
0.8969547426478294
1.0382919444725458
0.5174535520207099
0.5682119367656162
0.7201707191326957
0.6138159614616366
0.5434615078828208
0.84519637388671
0.90601365749233
0.8360526189356262
0.6931809092200004
0.45860860708553336
0.6829023508758735
1.047579571073265
0.6036693493066903
0.7077614777758234
1.6170623640425672
0.5119921424653237
0.44651975581125597
0.7171656054153346
0.7398224672977827
0.5074453880457477
0.6149926648362255
1.2571637642212286
0.6026587084702273
0.4623245515847374
0.43517548550915874
0.8373337377038101
0.8418474811626897
0.5118015178849353
0.5921644239598354
0.4949210203090387
0.6126266085517262
0.4546304840516123
0.8231885664017395
1.038026275776579
0.8832473533497585
1.2616359906816093
0.9891931967391329
1.594084378714396
1.5392470897192991
1.5246994850059508
0.8863618479424465
0.827196369116048
0.7908763094278473
1.3599447982055968
0.6667325523189275
1.080166626655443
1.1399824476585687
1.5851262918000082
1.0973700108810114
1.0163227347188672
0.8876029785873054
0.9315943539186762
0.5005917951425886
0.5156389025228697
0.5853014679171655
0.7897231722518245
0.8565864036278147
0.761217257903205
1.2518604225787606
0.616958856555782
0.8607973713633941
0.888956191695895
0.8314692849675919
0.8946764799073598
0.6298898440690066
1.0680502431307273
0.9189740906566322
0.8148857966249476
0.6279549318443013
0.7104888491791058
0.669857335320068
1.1146285099427986
0.7924704009563053
0.8110752894867069
1.1115968998176897
0.8048179135651634
0.5408638395393341
1.0740719353659942
0.5109438797228439
0.5665784035133804
0.6079350131182459
0.646648154825949
0.41657391710048763
0.7384664144326797
0.7391053061399248
0.582710376778146
0.7231032772225057
0.6775627324669959
0.5950815924612539
1.0898848293491565
1.5028906211687127
0.7944087363041488
0.8926764152391855
0.643810246227852
0.7739364461260204
0.8636850594836674
1.5301055190772255
1.0801460148188904
0.9228082915054775
0.7144348851145925
0.6280665257168757
0.9082685454573146
0.7729586923111555
0.7320571283514011
0.7099467466586441
0.6271090028925228
0.61694034709726
0.4035079707243503
0.9217723419446179
0.40699501037009317
0.6979337640217278
0.47347537883827134
0.600394381607672
0.6178730181840162
0.5509796101012477
0.3698081027686263
0.42008500361825263
0.8200143091063957
0.49221200562828704
1.0518246136961278
0.6599623217825215
0.4669354779740767
0.7823600546284406
0.5326229401345315
0.4616703905533213
0.6896252409443432
0.8241424758742395
0.7446993736467152
0.7242505681023763
0.6768201920857344
0.5489241304298175
0.6618098547461277
0.8218021971881748
0.7386741313900543
0.5942460071879877
0.8194091362606866
0.9851949171709299
0.49164929186611916
0.4620920978866644
0.6893946279890096
0.5872125613580352
0.7928412842314307
0.7086065387178446
0.6603559122682129
0.6713835182582758
0.8463778186063676
0.7656326145553611
0.9091786315587227
0.7175490906363877
0.8847264995861773
1.3304381343013578
0.7940792656271417
1.0883484195906183
0.42336483956160686
0.5072300371437599
0.6234178718026965
0.8710409184629005
0.7159104596640953
0.670426501476894
0.7228662645008774
0.5600989391005655
0.6626867044435322
0.7755289037448211
0.7603853844346385
1.2495174515963496
0.4302305027754963
0.4412112725592112
0.650290715771309
0.5762116201372094
0.8802228421689496
0.8868697037243711
0.5102562579078309
0.597586065278785
0.7659266609498226
0.600410435076266
0.559568783337033
0.648094227709408
0.5258515314069419
0.8538172331657949
0.6035255391536042
0.8045870997854301
0.8297940791567516
0.5322994087163381
0.7680531093295278
0.8156086524030794
0.6045951882240117
0.5198121843272773
0.6047892592786964
1.0015895772864487
0.6092157436125423
0.4253941716074956
0.5689998047547851
0.5592926273953515
0.4184218238823496
0.6112725311628138
0.6425759897958924
0.5981181163477647
0.5082953578491892
0.7914332329620225
0.49099540976623374
0.5038864796965415
0.7669203127150743
0.656583850868271
0.4745350585847552
0.5409322600013744
1.3059420503974086
0.41493282386541863
0.4146733833415563
0.5250115749111885
0.47479578495482394
0.5316527988350399
0.5006114665369511
0.558655428823515
0.6718038953742165
0.7057414770234288
0.5823000358281294
0.5374927549624205
0.9229069050043304
0.7042416100140398
0.42215590861618346
0.5220970804672824
0.702458887506271
0.5297132200834135
0.7095792442831413
0.6164250283738079
0.5914057322133353
0.4392984535194869
0.41822362117843725
0.5730012009729073
0.8421055224222458
0.6262240788383018
0.5790120861615548
0.5350774510410923
0.8222606472195805
0.4875410127765903
0.5949631029527652
0.4569348623162898
0.42934364225092236
0.40850864201866216
0.46070492258546614
0.5868528641913635
0.542328215600582
0.4873333506039961
0.4380205209615368
0.45759021475342504
0.612704778252314
0.43756436139913335
0.5105373964721608
0.6626233334783967
0.4738461508995114
0.4461749268061128
0.5615224343025282
0.5068625762129888
0.4671673463923358
0.5511923693966047
0.46003896964562185
0.4815590061406605
0.5484036425343055
0.5627196729041137
0.5391544435507818
0.6032377323076795
0.4385372112614259
0.5020699864898686
0.5087293138131848
0.7419384338366517
0.5135809307450597
0.5059699307259258
0.5899356482313441
0.5622181625682496
0.6125867748587224
0.5280196846308949
0.5503895986899174
0.44227410712301574
0.5224225179504886
0.4457541970602166
0.42548450991440334
0.46988904878014154
0.641381910419976
0.44927114327066253
0.5493215936774952
0.49853275191270574
0.42347277916149567
0.4859219387743444
0.4659480744470482
0.46296417098459064
0.5087420409227634
0.5661741291756767
0.842505146106066
0.4516824230664781
0.478302923903384
0.45787212630559687
0.5641651498381784
0.5372343033064245
0.5928963221610157
0.4426922355259002
0.4897187500350072
0.6538207374971613
0.524167483543211
0.5689976559801493
0.6215091721564492
0.8068138613940473
0.6412116978530575
0.7732393418385082
0.6015162043091546
0.4461818788526703
0.4135574260880843
0.4805327452004903
0.4134891181415354
0.45454624529952814
0.45505399989396766
1.6511858511283741
0.48661215477824765
0.4456701558886585
0.5079232049095905
0.46077581818615376
0.4458138405720865
0.4383717748380035
0.40610897650674527
0.41591397097696414
0.49045467782296653
0.5714028209649726
0.5956730316034157
0.5712784929521006
0.6532660572922914
0.7291480346309276
0.5916475318716252
0.6420413178507806
0.46094096093212533
0.5285616823243202
0.5816705126543851
0.5938714623697892
0.566605867855383
0.4460408147047561
0.5212664414531895
0.5801689040034814
0.6535999958337301
0.9268841613223051
0.4937451809393727
0.5695124725596595
0.5053497104179809
0.7165018980691522
0.5068008520853855
0.3923299483496137
0.5192144560798396
0.49410364909886123
0.4420154379051093
0.4667722748942127
0.44404490238031713
0.4873690368248004
0.5269599340077674
0.4655348071613349
0.5196426060316173
0.5328433346084402
0.5278767244164235
0.7044008583897132
0.5304460651054915
0.732536576615737
0.5442288320558313
0.5024183755697998
0.49640142514767793
0.447826360557701
0.4668478615221815
0.49359358591077385
0.4322833860708097
0.475200834486965
0.5322945152374327
0.5691443478033631
0.6044847636329467
0.4769065471526219
0.7626743326726404
0.4469176537628127
0.5346214406730526
0.4959849603085132
0.613080677975379
0.518241028279609
0.616894494421426
0.9159066211252159
0.5128847343297092
0.5136599589381377
0.7951969893891694
0.6821187727924618
0.5913962878161644
0.5385938315269355
0.5866427914097683
0.6063672986662294
0.4836909690090625
0.5024042605085249
0.5802475855309782
0.508369420978093
0.476766431694209
0.7595791922452063
0.45923171943906205
0.49312476398156246
0.4378355854027293
0.6606424467582587
0.5278023455011892
0.5618126235665855
0.46915915209809916
0.5699901855983254
0.5680016651955778
0.6594506713515198
0.616373010072801
0.453050669318952
0.5065880369030573
0.5448744457467136
0.6493431886721043
0.5825313766628016
0.5115728597552792
0.5010154654932469
0.598466167912848
0.6410262207085161
0.6784902220126914
0.41369862655044404
0.7115567431198699
0.6609740481695557
0.6839518446587803
0.46067286876282776
0.5804025766699065
0.6265070916553742
0.6181113050567586
0.637291602085712
0.4589503658213255
0.6007561472710231
0.624553907575619
0.4125640782503741
0.39311060268186243
0.6114054211559091
0.6390414580098559
0.706804033782327
0.49014523785225406
0.4514095759934957
0.6166119557039982
0.5061141281477631
0.5425630023379316
0.6855511494507365
0.8896451203863641
1.2798134101838756
1.039974115257651
0.5164071796359696
0.5172684462312097
0.7596841076363818
0.4735957390685448
0.7008432977135567
0.6309963011442835
0.7081485824830953
0.49045458513189805
0.5366068746612951
0.4784798539685008
0.6025404887338488
0.5562274367573103
0.4744013099466493
0.5037799868589756
0.4675335707446756
0.5274422257201989
0.5354928376848677
0.6936722102446337
0.691977196481563
0.5388090727003819
0.4750482576767281
0.5177089370583408
0.6011559000355066
0.7803508046757293
0.4689513583050021
0.5553166033740762
0.665649315971433
0.7783359859275814
0.5861004183864227
0.5414278385584845
0.5041514460499925
0.48972320423641846
0.6272554060588591
0.5041970411923493
0.5057424037157346
0.47035352140625886
0.533075044855807
0.581362876421083
0.5454683597830255
0.8003330517200162
0.4732014885342511
0.5820493291299679
0.49098804403856444
0.619032985013545
0.439340158450126
0.4465445783319556
0.5786291471683495
0.45945058105288467
0.7312005228739324
0.5170843060900995
0.5110807356948854
0.5358838284299542
0.6245039561779326
0.46299497529724337
0.5368516370271452
0.6441455334106281
0.5762035737191458
0.6761172491663677
0.3717102876581914
0.5967269060648185
0.7845681719245634
0.49899832412158535
0.5624943296975776
0.6433548424515809
0.5587098656462752
0.46024611269080484
0.4622065409324833
0.4813447459718816
0.5034258214167022
0.5124737741516153
0.81809636312682
0.44005832009379736
0.5010511578504343
0.5913827280355702
0.4622959759456068
0.5328166933151863
0.5756275770586058
0.4856571473657094
0.5794770226533289
0.4643981038203231
0.471886270847837
0.47757846179152913
0.8849047110260335
0.4206111699758292
0.4340496877400558
0.672674141247826
0.6151107248160834
0.715082124267111
0.9225150586777634
0.8721393803345179
0.5647363791431995
0.449414803909904
0.4762983786568392
0.47135934629694054
0.4553650295835168
0.6394767376820806
0.6872315779843485
0.6469149882840524
0.5573657445485006
0.5634494668850749
0.4685427737213135
0.5273150548378839
0.39448649894058696
0.7104422991730023
0.8675205564201157
1.202903727456779
0.5862342070267075
0.46348798178153927
0.46007483003957744
0.5927935243133899
0.8727724319103688
0.6812972117594487
0.7366252738712131
0.38787184797971813
0.6731569991406753
0.6469149882840524
0.7653965731064343
0.5010511578504343
0.5341519427646522
0.7126807010969801
0.5025524344057511
0.8448126014941298
0.7882995254987327
0.5317130960136153
0.673264543713528
0.596927995989389
1.2270395334840292
1.4192917843383124
0.6030796752217241
0.6070913824345855
0.513250222651946
0.5855134782725967
0.8220996458457853
0.6457047259392993
1.1489664896481253
2.1180859775389616
0.6711582069862183
0.6998261768466271
0.7570500417710063
0.6682850967482902
0.49899832412158535
0.6433548424515809
0.5485851926409427
0.7285210316451258
0.9480790289253732
0.8721393803345179
1.0679132092938837
0.7135794167365543
0.9096364426217306
0.5647363791431995
0.8098844109134743
0.6151107248160834
0.7442144972841789
1.010349590015283
1.476013013405178
0.6030796752217241
0.886213204393446
1.3001359567533735
0.6245039561779326
0.5624943296975776
0.5041970411923493
0.6587332680246996
0.7281595805402838
0.7221929746262364
0.6484724463083374
0.46154929038910214
0.7035491857832045
0.6351578858554173
0.5969099166230166
0.5962025483131317
0.6560100012580575
0.7011555234137846
0.6564373587454726
0.6736357984982021
0.6633697109739528
0.6497619509848186
0.5923547372321626
0.776441834027759
0.7808820024087144
0.6004784010830694
0.449414803909904
0.6117587601516078
0.6639569234893599
1.2330883598111506
0.7237402238455416
0.9201005161932
0.6548760828999979
0.5720537888706703
0.6935296589856756
0.8078891269408176
0.6550634595398035
0.6299461145191051
0.5738158014685051
0.7953948244560956
0.6653594448383393
0.7293231722593695
0.8470420726626157
0.6304737362118169
0.7791349538158509
0.6528540014598445
0.8089784036519008
0.7738007997217161
0.7967589713072571
0.9904937122860463
0.6780320860601079
0.6948900733195276
0.627375253438999
0.7081314831085582
0.537070377642743
0.5391448280861845
0.4745837471523116
0.7312681254841787
0.5987815101889428
0.6121775009680932
0.4978568171167874
0.6645457369298332
0.6535128064499964
0.6521047133322543
0.6578139504702295
0.6554695120089512
0.6217474259003096
0.6067146238104494
0.6591549274819428
1.1540205777760069
0.6159129801247838
0.5658293591345341
0.7733313945318825
0.7025653246779887
0.5998943056676768
0.7809752425479342
1.264463232730138
0.7478898805720611
0.9033113901732063
0.5746257771266444
0.7544720272782279
0.674371932144983
0.7633566645716009
1.0104370614070197
0.6509040245619535
0.7053082250130203
0.5803627470851863
0.6780320860601079
0.763726153019992
0.8959424367025549
0.6062675267235156
0.6770195540829418
0.9395500179289722
0.5862483373282021
0.6948900733195276
0.6488538358748456
0.5845335885736207
0.8169952129644928
0.6272554060588591
0.6521047133322543
0.6785220109837473
0.8443118229373237
0.7285919047699143
0.7446365720495045
0.5729437415110117
0.6488894499439095
0.6672234745575852
0.7021607550589283
0.7025653246779887
0.6327038998853961
0.6556763468267502
0.45535665860012864
0.4856571473657094
0.5794770226533289
0.4643981038203231
0.471886270847837
0.47757846179152913
0.8849047110260335
0.4206111699758292
0.4340496877400558
0.715082124267111
0.5379017812132281
0.6193717733946823
0.672674141247826
1.0993564640304903
0.9225150586777634
0.3717102876581914
0.5624943296975776
0.8118694956343753
0.5255910048231436
0.7488220894007699
0.6099164725256855
1.0961932857604362
1.1442370781513518
0.5440289854153347
1.0451562403469088
0.5408636311369663
0.6269263648159975
0.6087129180161651
0.635164215850629
0.5682643118346401
0.7696794989412825
0.6493408750998589
0.9662192773189201
0.851425709014471
0.46491540869469994
0.5711974546227275
0.5846290808164927
0.5713954025970283
0.6423070892352597
0.6108280303717005
0.5865836761791831
0.7922378024063736
0.7809241560120693
0.7151527502045716
0.4762983786568392
0.5536976368547664
0.4553650295835168
0.47135934629694054
0.6394767376820806
0.5573657445485006
0.5634494668850749
0.5262579938578832
0.5273150548378839
0.39448649894058696
0.48527097944355907
0.4685427737213135
0.702461241820116
0.6633765703366337
0.550132998815378
0.5850759203157597
0.6433281638899881
0.6375777445453622
0.5579000197261378
0.5440260582713867
0.7274544802850583
0.6460665549523558
0.45372294335511065
0.7715781347590436
0.6885204948276388
0.6741925952878763
0.6884046266541719
0.5792804973159098
0.4834012957575368
1.0644130872267326
0.614823920285644
0.6129764013094485
0.8101902434236778
0.5158424971958044
0.6587727383973273
0.44005832009379736
1.0614919782514078
0.852943539524146
0.6373033142243643
0.7104422991730023
0.4771568262133412
0.5461601054683448
0.6344351800910022
0.9868614295103297
0.5862483373282021
0.44005832009379736
0.4589503658213255
0.7312005228739324
0.564294985077411
0.566988881688849
0.5010511578504343
0.7056812652649371
0.7315559037427677
0.8572363820721064
0.7215348152410299
0.849404255111424
1.16236529448906
1.044114288579746
0.8144716579414367
0.922898715204727
1.2440872201205564
1.1679726296866357
0.802913379385711
0.8720417131053558
1.0104370614070197
1.4100882967355495
0.9683542195974245
1.1770668572548992
1.137836443506054
0.7805813325563506
0.9593884358417201
1.0367652971164827
0.8079071722936972
1.1016358271335265
0.6105066913381915
1.12766099771197
1.3404988770277113
1.8025269177715975
1.4130224923597512
0.7379066783778531
0.6215551542883083
0.9885597194904958
1.2432758226311964
0.9674118032492346
0.9634661465395854
0.6359879524626983
0.7215348152410299
0.849404255111424
0.8226495412538576
0.7684948605104961
0.7457576609360581
1.0202482105192938
0.5930981248356303
0.8448126014941298
0.7882995254987327
1.5254445250558426
0.8732410078634321
1.6902609588073354
0.6812972117594487
0.8727724319103688
1.4240534064503778
0.7172338931777588
1.3001359567533735
0.6401123655643512
1.4240534064503778
0.9634661465395854
0.6359879524626983
1.6145282245235133
1.010013247875066
0.9243726127101005
0.8787789217161431
1.1950531252293235
0.5587098656462752
0.8956972654607284
0.4622065409324833
0.4813447459718816
0.5034258214167022
0.5113384790260794
0.46024611269080484
0.5124737741516153
0.81809636312682
0.5370598035062817
1.0857306919282894
1.264463232730138
0.6327038998853961
0.674371932144983
1.3001359567533735
1.3751083315529666
1.008295768180349
1.3036450380640596
0.7326654706355227
0.5881863803106997
1.0686868543929215
0.8463638193111844
0.6518099149678231
0.8036765913325914
0.6858750948665437
0.7311754733726422
0.6788916110647933
0.5778836485949238
0.6216651272502102
0.637894670566399
0.757289334701733
0.5734170337811899
0.5113384790260794
0.5990308155954821
0.5645943669294999
0.5845701978464042
0.47982867800382134
0.6661609556135896
0.7525785082323346
0.6136080479707029
0.4960426551253565
0.4887588776447315
0.633328414432217
0.7970255883158766
0.6182603647632012
0.8631761104364097
0.5304002395834293
0.5121517029784185
0.5128264387982461
0.6094617396866422
0.6645457369298332
1.213643130549381
0.6202300000592618
0.5940072193663402
0.6672234745575852
0.7293906622216635
0.6566884870018397
0.4967428155477518
0.6646435625123742
0.8370346675642439
0.6582795664013862
0.5230468894719971
0.7861867362418062
0.5786813260819784
1.1931862948560559
0.7021607550589283
0.5560755059200697
0.5186720837625374
0.779927895140102
0.6914351614486851
0.5998943056676768
0.6682530813281352
0.5738158014685051
0.7544720272782279
0.6556763468267502
0.5705329732504808
0.5757716102565528
0.5740608238411838
0.6172212272528849
0.6038360913289097
0.5569763532997416
0.5408762027598675
0.6462740054438586
0.5179489406332372
0.6212367498905842
0.7525161134714762
0.6627245082046933
0.5817615316707806
0.7056812652649371
0.7315559037427677
0.8572363820721064
0.5756582258646781
0.8239830408999146
0.6180720258379643
0.5300688315807286
0.663928328792113
0.9036594246206563
0.735844138212268
0.6595922296947088
0.5898649007419131
0.4978568171167874
0.513023629492848
0.6646396218243006
0.6688402854920197
0.6393477661285654
0.7127094213506839
0.5317130960136153
0.566988881688849
0.564294985077411
1.115631131893874
1.2123572257163326
0.46007483003957744
0.5025524344057511
0.6587727383973273
0.6633765703366337
0.7151527502045716
0.7809241560120693
0.7922378024063736
0.45372294335511065
0.5865836761791831
0.6108280303717005
0.6215551542883083
0.7410423110676942
0.8675205564201157
1.202903727456779
0.5862342070267075
0.46348798178153927
0.5927935243133899
0.852943539524146
0.6470036368501213
0.7059331239077106
0.8812189571981609
1.0644130872267326
0.4771568262133412
0.81809636312682
1.0420410787449264
0.9385744726622487
1.3285224954284869
0.886213204393446
0.8693793410919389
1.3752668910176944
1.292430964847061
1.212805405929461
0.5792958565954734
1.4542191949380083
1.1872855383100014
2.335475843046297
1.1537435729058105
0.5087370265376597
1.4530326456315559
0.813796411034058
0.6795410440596412
1.0679132092938837
0.8475695975899478
0.7376397954459817
0.6274247304079349
1.2510629438899143
0.8411163581305812
1.5534295539425098
0.5639920905160476
1.0121953586174368
0.5553166033740762
1.010349590015283
1.0225112663991405
0.9876173491930843
0.8936971306277589
0.8073062019892011
0.6159129801247838
0.6215551542883083
0.663928328792113
0.6180720258379643
0.8239830408999146
0.5756582258646781
0.5569763532997416
0.6238828445591176
0.7281595805402838
0.7221929746262364
0.6351578858554173
0.5969099166230166
0.5962025483131317
0.6560100012580575
0.7011555234137846
0.6633697109739528
0.6497619509848186
0.7293231722593695
0.7953948244560956
0.627375253438999
0.6393477661285654
0.7544720272782279
0.674371932144983
0.5746257771266444
0.6327038998853961
0.7805813325563506
0.7059331239077106
0.6202300000592618
0.802913379385711
1.1016358271335265
0.7457576609360581
0.6105066913381915
0.5930981248356303
1.2331626202008388
1.1809336697860022
0.8340129085531256
1.0961932857604362
1.0049220237824255
1.1442370781513518
1.3608202285712314
1.1455350836969127
1.3359884634666048
1.1950531252293235
1.0930895743248892
1.3751083315529666
0.7247181088462491
0.5328166933151863
1.2123572257163326
0.757289334701733
0.8370346675642439
0.5913827280355702
0.4622959759456068
0.5054976611340972
0.6166119557039982
0.5454683597830255
0.6214569346217272
0.7556094610313121
0.9872598331622997
0.983869520430575
0.8676248053106755
0.8679907394880372
0.8891674375169994
0.682742421997708
0.7274893938385733
1.1120881648730743
0.9663489976043205
0.6560123888111468
0.8936971306277589
0.8073062019892011
1.4586044840666808
0.8959305987186762
0.7265398164916412
0.9768075717793379
0.5358838284299542
0.6484724463083374
0.46154929038910214
0.7035491857832045
0.5658293591345341
0.6935296589856756
0.6587332680246996
0.5962025483131317
0.784662507824669
0.6731569991406753
1.3608202285712314
0.8720417131053558
0.627375253438999
0.5391448280861845
0.6181113050567586
0.5746257771266444
0.6639359651814756
0.7401083765370975
0.9632126648178381
0.8357713797029699
0.8409160098597256
1.0592517473510348
0.6122933129001918
0.6731569991406753
0.9070690347505003
0.7172608393379546
0.6916837901572312
0.6073979686873399
0.5388001700355844
0.8773482218831886
0.7556094610313121
0.6701609557175379
0.6436949762680072
0.7265398164916412
0.9562010318870443
0.5570629732996805
0.6356266589721205
0.784662507824669
0.6577473176474261
0.6392736410544131
0.6678357676802831
0.6750647265089468
0.7109602076042184
0.8112445006186731
0.8907055419441285
0.6354509822894308
0.975423836868444
0.7835250452092193
0.6246049832956804
0.5578269992544974
1.0789063550662044
0.6920258749330718
1.5526044209861825
1.8714383661352734
1.406195782185639
0.6283037054621868
0.5862431391954719
0.5968993053550654
0.6428481254203287
0.5569243662350958
0.5665183661031482
0.6490674670069889
0.5041914787394247
0.9336770318568578
0.7429035279574261
0.7648796979018702
1.0854911913860215
0.8890183368870294
1.095128593671842
0.6560123888111468
0.9216472360313396
0.6873826055741656
1.048550839140318
1.6705758228305103
0.7366252738712131
0.5370598035062817
0.6344351800910022
0.682742421997708
0.449414803909904
0.702461241820116
0.5461601054683448
0.8164471744220083
0.6423070892352597
0.5440289854153347
0.5682643118346401
0.635164215850629
0.6087129180161651
0.6493408750998589
0.6433281638899881
0.7274544802850583
0.6129764013094485
0.5579000197261378
0.8812189571981609
0.5341519427646522
0.7126807010969801
0.4834012957575368
1.1603172924218905
1.2613526912966688
1.2622912284428764
1.0951347693883229
1.1712914137051729
1.0709301465744994
1.158886232040835
0.7037072028381016
1.0857306919282894
0.7410423110676942
0.595916581936252
0.5025524344057511
0.8164471744220083
